   1: 36 9098 289698516 - 87 122 122
   2: 30 73 - 22 634 7636530
   3: 43 51 - 24 836 1222232
   4: 42 87 - 29 1219
   5: 34 62 - 22 11596
   6: 15 38 96 - 13 38 6240
   7: 8 112 17360 - 10 56 62
   8: 10 10684 456580742 - 14 66 74
   9: 32 40 95 - 15 18240 18240
  10: 7 20 28 - 7 12 420
  11: 15 9145 384693571 - 27 57 82
  12: 34 120 120 - 22 1603 17985660
  13: 28 24803 687539158 - 72 85 99
  14: 12 27 1716 - 22 26 27
  15: 28 6298 - 50 63
  16: 15 15190 853708378 - 29 57 68
  17: 24 29 60 - 18 29 360
  18: 4 14 1260 - 5 9 90
  19: 34 5547 99139682 - 57 83
  20: 30 96 6820 - 44 93 96
  21: 28 72 89 - 28 40 8010
  22: 50 62 63 - 28 62 6300
  23: 56 85 94 - 25 3844 1074974598
  24: 40 86 65960 - 68 86 97
  25: 17 18 93 - 8 7589 287957014
  26: 2 18 8487 - 2 23 82
  27: 6 - 7 42
  28: 9 98 119952 - 17 20 80
  29: 28 82 99 - 22 82 2772
  30: 58 80 - 34 3034 59830480
  31: 26 26 92 - 12 225 67275
  32: 42 19951 - 75 95
  33: 29 59 90 - 16 23244 2386229038
  34: 65 66 78 - 24 592 1269841
  35: 25 30 65 - 12 186 120900
  36: 11 442 1708993 - 19 37 74
  37: 27 39 45 - 16 45 5616
  38: 33 43 76 - 15 19972 448720908
  39: 28 1890 - 43 77
  40: 82 84 96 - 29 29593 7881681250
  41: 38 194 194 - 28 1098 28330596
  42: 19 8645 - 26 70
  43: 32 32734 - 62 66
  44: 20 31 910 - 28 31 65
  45: 16 46 63 - 10 8917 1033658642
  46: 20 28656 1391392079 - 39 81 83
  47: 33 2130 5795020 - 53 84
  48: 25 1390 3669600 - 66 66 96
  49: 15 44 28512 - 15 81 96
  50: 5 6 - 3 30
  51: 48 84 - 31 2084 5426736
  52: 18 629 - 30 42
  53: 19 18112 1312160065 - 41 57 93
  54: 21 52 84 - 13 546
  55: 46 57 90 - 20 2538 11091062
  56: 18 15503 480670514 - 39 53 90
  57: 33 4479 46805550 - 50 190 190
  58: 18 42 86 - 11 11920 355204082
  59: 26 174 174 - 21 428 3388476
  60: 53 61 66 - 20 2422 2584007581
  61: 43 3138 13673312 - 76 96
  62: 11 14238 979802209 - 17 46 96
  63: 15 281 - 24 35
  64: 59 72 91 - 24 6235 1205125739
  65: 42 55 - 24 3081
  66: 29 80 97 - 18 576 2700480
  67: 55 60 77 - 33 60 1155
  68: 12 20 87 - 8 87 120
  69: 28 73 - 21 558 570276
  70: 30 99 - 24 566 1120680
  71: 28 848 3136803 - 76 80 89
  72: 54 64 74 - 21 26327 1683243071
  73: 14 3778 1491554398 - 25 47 96
  74: 37 85 86 - 20 2383 1289060021
  75: 64 65 80 - 23 31894 1525808959
  76: 85 90 - 44 6731
  77: 26 86 - 20 11182
  78: 32 70 - 22 12321
  79: 64 81 - 36 5184
  80: 11 144 37618 - 16 45 76
  81: 24 35 78 - 13 163 1779960
  82: 36 3274 18755109 - 76 134 134
  83: 6 - 10 15
  84: 8 115 251159 - 15 26 35
  85: 21 36 1656 - 21 69 72
  86: 20 2172 43635480 - 49 56 82
  87: 36 1981 - 55 99
  88: 24 842 - 35 70
  89: 33 76 - 24 558 466488
  90: 27 906 4240080 - 78 78 80
  91: 38 65 76 - 19 450 222300
  92: 41 78 - 27 5757 55232658
  93: 38 54 54 - 16 1173 3209328
  94: 18 72 78 - 15 72 585
  95: 11 124 69564 - 17 34 93
  96: 47 415244 - 93 95
  97: 90 166 166 - 44 2315 15217884
  98: 7 31 252 - 9 28 31
  99: 9 82 36900 - 12 50 50
 100: 27 60 67 - 15 510 615060
 101: 9 52 - 8 188 43992
 102: 19 54 70 - 12 476 610470
 103: 26 19241 - 40 74
 104: 43 55 87 - 19 3330 173574919
 105: 12 660 - 15 55
 106: 15 9249 7898553512 - 23 79 94
 107: 24 9085 1865332199 - 59 75 87
 108: 20 20 96 - 15 32 80
 109: 28 1092 - 39 91
 110: 54 178 178 - 34 2918 119203218
 111: 40 64 81 - 19 2949 484107839
 112: 35 106 106 - 22 504 1469160
 113: 24 48 - 32 32
 114: 11 147 30722 - 21 38 42
 115: 51 99 - 34 3364
 116: 26 21212 1349825618 - 70 77 89
 117: 46 6631 67105720 - 95 176 176
 118: 72 72 94 - 27 726 614196
 119: 54 82 91 - 24 27790 1599703562
 120: 20 42 79 - 12 320 106176
 121: 12 37 84 - 9 90 23310
 122: 43 170 170 - 29 1860 7886028
 123: 12 26 85 - 8 117 79561
 124: 22 1190 - 36 54
 125: 34 2423 11739435 - 60 76
 126: 17 25 79 - 9 2698 815268151
 127: 10 193 1378021 - 15 42 68
 128: 30 66 95 - 30 39 27170
 129: 32 33 50 - 20 33 800
 130: 39 59 99 - 28 59 36036
 131: 11 93 231 - 15 35 93
 132: 58 60 90 - 23 649 15583787
 133: 22 5363 57518175 - 39 100 100
 134: 10 294 391755 - 13 70 82
 135: 9 33 86 - 9 24 3784
 136: 4 5 38 - 3 7 7980
 137: 56 58 - 29 1626
 138: 7 56 4142 - 14 16 37
 139: 49 86 87 - 23 19208 1652713946
 140: 22 801 3207204 - 28 91
 141: 23 43215 3361521989 - 46 89 95
 142: 21 27848 1914515189 - 40 81 97
 143: 14 3024 3024 - 35 40 54
 144: 23 28 98 - 12 165 371908
 145: 13 14353 - 16 69
 146: 26 1139 6485466 - 39 146 146
 147: 12 12 9120 - 8 32 95
 148: 8 12 14 - 7 8 84
 149: 56 57 81 - 21 7835 675251638
 150: 9 651 988218 - 11 46
 151: 73 75 - 37 202577
 152: 21 2811 9654849 - 56 64 69
 153: 6 616 - 8 33 77
 154: 36 3529 - 56 98
 155: 11 76 88 - 9 232 109098
 156: 27 4406 606646718 - 63 93 94
 157: 15 390 - 20 52
 158: 73 80 80 - 26 4218 80057640
 159: 23 31 124899 - 23 51 79
 160: 33 2507 - 57 76
 161: 8 70 1656 - 9 69 70
 162: 16 58 86 - 11 2173 476912655
 163: 54 59 86 - 35 54 177590
 164: 9 93 306 - 17 18 93
 165: 40 87 93 - 22 558 3560038
 166: 66 78 83 - 25 49455 2934906973
 167: 28 92 95 - 18 644 550621
 168: 57 75 78 - 23 4557 431471951
 169: 16 49 480 - 30 32 49
 170: 25 42 76 - 13 22553 615696899
 171: 10 8121 285777991 - 23 27 51
 172: 28 37 - 16 4143
 173: 18 154 154 - 15 534 308385
 174: 20 50 630 - 36 42 50
 175: 24 4876 2787657958 - 59 76 85
 176: 14 77 94 - 11 242 79620
 177: 28 23183 1013931690 - 71 88 97
 178: 24 19024 769045198 - 55 75 98
 179: 18 1346 3622086 - 23 78
 180: 20 21 26 - 8 91 10922
 181: 14 297 197505 - 30 38 66
 182: 25 62475 - 49 51
 183: 19 63 64 - 12 1256 12027454
 184: 27 845 12137580 - 38 84
 185: 24 43230 2803206121 - 58 78 86
 186: 63 73 - 34 6255 108674370
 187: 36 36 50 - 14 243 85050
 188: 21 34178 2336237188 - 49 62 90
 189: 50 50 85 - 20 567 963900
 190: 30 1785 - 51 70
 191: 27 39 94 - 21 39 17766
 192: 30 1120 - 42 96
 193: 17 1276 15466396 - 23 62
 194: 8 328 315701 - 11 42 75
 195: 15 705 2440240 - 33 48 59
 196: 44 86 88 - 22 7568 7568
 197: 13 736 947232 - 18 88 88
 198: 19 43 61 - 11 729 399642904
 199: 93 100 100 - 33 2224 56878800
 200: 28 88 - 22 618
 201: 9 28 - 7 252
 202: 12 34 870 - 20 29 34
 203: 22 768 - 35 55
 204: 19 648 1982234 - 35 69 90
 205: 16 16358 2542033199 - 28 74 75
 206: 27 5421 2948514427 - 67 82 99
 207: 73 77 84 - 26 7760 1701139442
 208: 26 75687 - 41 71
 209: 50 65 75 - 42 42 910
 210: 20 48 70 - 24 24 560
 211: 25 934 1307600 - 70 70 80
 212: 30 37544 9162050042 - 85 87 99
 213: 15 758 - 24 38
 214: 36 23618 - 64 82
 215: 26 26 72 - 12 134 62712
 216: 12 140 20236 - 19 42 71
 217: 20 41850 2276807398 - 56 58 67
 218: 19 2797 39113248 - 32 92 92
 219: 29 64 70 - 20 70 9280
 220: 47 154 154 - 30 1075 23342550
 221: 27 35 88 - 13 20398 1575133559
 222: 17 37595 1978700039 - 30 72 86
 223: 24 4043 572100670 - 64 67 88
 224: 17 24 26 - 8 72 15912
 225: 15 56 - 12 838
 226: 10 356 205590 - 22 22 84
 227: 10 60 86 - 9 60 1935
 228: 17 588 474810 - 40 40 95
 229: 31 1184 9286112 - 46 88
 230: 18 24 84 - 10 110 27719
 231: 22 75 79 - 14 57029 3716865073
 232: 42 96 - 30 1118
 233: 13 184 - 14 91
 234: 9 11 49 - 5 45 4852
 235: 25 55 93 - 15 441 3759526
 236: 30 1656 9596520 - 57 122 122
 237: 33 34 50 - 17 50 1122
 238: 16 49 4080 - 30 34 49
 239: 24 58 - 17 11832
 240: 26 2338 - 40 72
 241: 26 4825 1494611302 - 70 74 92
 242: 28 49 - 18 1766
 243: 21 910 - 30 65
 244: 14 12646 879554590 - 32 46 54
 245: 16 16368 - 31 33
 246: 30 52 95 - 16 1694 10042031
 247: 27 67 91 - 21 67 2457
 248: 10 309 381615 - 26 26 38
 249: 15 86 3360 - 28 32 86
 250: 54 174 174 - 34 1664 22149504
 251: 13 15 - 7 1366
 252: 24 24316 3104131929 - 62 71 87
 253: 47 73 98 - 42 47 10731
 254: 13 200 59800 - 26 46 46
 255: 12 32262 1214277158 - 17 81 82
 256: 19 30470 1021232521 - 35 72 98
 257: 43 72 95 - 21 19242 733633318
 258: 48 56 88 - 20 18480
 259: 7 200 53551 - 8 85 90
 260: 8 80 9360 - 9 65 90
 261: 24 89 - 19 3690 24959160
 262: 11 121 30492 - 28 28 36
 263: 38 66 89 - 19 13951 778507654
 264: 9 20 24 - 5 360
 265: 48 54 75 - 19 18655 765601198
 266: 69 86 - 39 2085 53613690
 267: 22 13531 - 30 82
 268: 39 88 88 - 21 1335 5345340
 269: 36 1980 - 55 99
 270: 16 23224 1146104402 - 25 84 94
 271: 30 45 4290 - 45 55 65
 272: 25 7335 624098474 - 65 77 85
 273: 16 1986 7229040 - 21 65
 274: 9 1262 - 10 84
 275: 11 150 28600 - 24 33 39
 276: 47 96 - 32 2257
 277: 81 148 148 - 39 4584 59532408
 278: 28 65 - 20 908
 279: 12 63 1092 - 14 63 78
 280: 35 177592 - 59 86
 281: 38 93 - 27 31807
 282: 19 23870 751045681 - 46 48 99
 283: 78 81 94 - 28 11086 7681201162
 284: 25 66 85 - 15 4008 18737402
 285: 19 90 - 16 805 2202480
 286: 18 32 68 - 12 68 288
 287: 13 30214 6390170360 - 33 34 58
 288: 4 46 69 - 4 28 1932
 289: 9 330 146518 - 22 24 37
 290: 11 10582 272301316 - 15 73 94
 291: 21 83 84 - 17 83 1428
 292: 22 24 47 - 16 22 2256
 293: 56 62 - 30 1532 9973320
 294: 21 558 1660050 - 34 50
 295: 23 97 2093 - 35 65 97
 296: 33 2130 5795020 - 53 168 168
 297: 28 14587 608978074 - 71 87 98
 298: 3 4 - 2 13
 299: 24 659 - 40 55
 300: 25 2452 - 49 50
 301: 26 50 - 18 345 134550
 302: 41 56 75 - 18 39739 2932738202
 303: 6 551 - 8 23
 304: 37 2665 - 72 74
 305: 40 3595 18090040 - 74 170 170
 306: 11 57 78 - 9 99 16300
 307: 45 88 88 - 23 680 1548360
 308: 16 781 3936239 - 35 45 77
 309: 66 72 79 - 24 31284
 310: 12 150 74100 - 15 78 95
 311: 40 66 85 - 20 522 1952280
 312: 18 18 - 12 36
 313: 7 24 46 - 5 160 77281
 314: 35 98 - 26 3183
 315: 45 93 - 31 1395
 316: 16 805 2202480 - 19 90
 317: 32 68 92 - 24 68 2208
 318: 28 28 79 - 12 1328 2203152
 319: 19 25168 2058616561 - 35 82 84
 320: 21 57 83 - 13 3472 213538417
 321: 10 45 - 9 89
 322: 60 65 99 - 24 2060 5302442
 323: 26 3519 643202819 - 68 74 95
 324: 11 4033 309032659 - 18 43 81
 325: 15 6432 503336158 - 37 47 54
 326: 10 2006 14082121 - 26 27 40
 327: 25 21038 885173852 - 55 85 99
 328: 38 58 82 - 18 5083 1033470476
 329: 16 21 1520 - 20 21 76
 330: 12 213 166140 - 13 90
 331: 22 32 8160 - 22 51 85
 332: 24 760 - 38 60
 333: 25 51 57 - 13 4374 459160651
 334: 20 78 - 16 3122
 335: 14 210 177588 - 21 59 86
 336: 39 1698 11290851 - 62 198 198
 337: 5 4609 191181321 - 8 17 61
 338: 29 1833 4358874 - 82 82 94
 339: 65 196 196 - 40 1699 8658104
 340: 39 81 99 - 21 2134 15729714
 341: 27 65 - 20 413 2899260
 342: 11 6142 631873606 - 29 30 43
 343: 12 32262 1214277158 - 17 81 82
 344: 21 559 334108 - 52 60 74
 345: 10 438 - 11 88
 346: 30 35 66 - 13 7508 112732620
 347: 11 49 73 - 8 62956 4954259463
 348: 20 2730 - 26 84
 349: 63 74 81 - 24 15258 426796775
 350: 11 13 55 - 6 52 8580
 351: 92 198 198 - 48 7287 88493328
 352: 26 51 - 18 398 791622
 353: 24 683 932296 - 56 70 91
 354: 12 19 1680 - 14 19 80
 355: 21 32244 2137078579 - 46 65 95
 356: 28 822 1012704 - 66 88 96
 357: 12 13223 1923311798 - 31 34 46
 358: 64 96 - 39 2494
 359: 3 30 - 5 6
 360: 24 1515 392481959 - 53 78 94
 361: 49 75 - 30 2449
 362: 9 6235 1205125741 - 12 59 91
 363: 28 15491 582771418 - 66 95 99
 364: 8 104 36038 - 13 21 99
 365: 18 43 81 - 11 4033 309032659
 366: 65 86 87 - 26 22106 5375405488
 367: 14 40 420 - 20 40 42
 368: 10 92 480239 - 16 29 72
 369: 31 64 - 21 3788 39455808
 370: 44 93 - 30 6821
 371: 28 65 87 - 16 10735 1359823919
 372: 34 81 - 24 11014
 373: 27 61 1188 - 44 61 66
 374: 44 80 - 29 1344 2143680
 375: 19 23805 3808052521 - 43 55 89
 376: 28 57 - 19 1594
 377: 63 68 76 - 23 3868 1810328435
 378: 5 6 47 - 3 30 47
 379: 22 518 1743588 - 36 51
 380: 24 882 - 33 80
 381: 28 10876 561854158 - 80 82 90
 382: 45 51 92 - 19 14695 786017915
 383: 15 381 - 19 60
 384: 14 202 101808 - 16 72
 385: 67 180 180 - 39 2529 22027590
 386: 32 58 71 - 16 13178 434136031
 387: 63 80 - 36 1680
 388: 10 49 1740 - 12 49 58
 389: 12 48 87 - 9 220 229680
 390: 31 3280 12099920 - 56 68
 391: 49 73 88 - 22 62956 4954259466
 392: 30 1978 - 44 90
 393: 24 38416 7563380497 - 58 73 93
 394: 39 237238 - 77 79
 395: 30 69 42570 - 43 69 99
 396: 33 51 79 - 16 14472 427589711
 397: 22 90 - 18 992
 398: 20 15754 2854152182 - 54 61 66
 399: 17 1931 488465762 - 31 60 96
 400: 28 3443 - 42 82
 401: 52 78 93 - 32 93 1248
 402: 27 31800 2865148199 - 71 81 94
 403: 85 95 - 45 14534
 404: 18 13120 2625036481 - 44 47 86
 405: 20 663 1171521 - 45 62 76
 406: 62 76 93 - 25 25243 4460438099
 407: 66 71 92 - 25 9471 515538099
 408: 14 20 90 - 8 133 47881
 409: 10 205 109060 - 15 38 84
 410: 45 87 96 - 23 1527 488884319
 411: 62 88 91 - 26 49650 6162756598
 412: 35 63 - 23 1036
 413: 68 76 - 36 11630
 414: 42 158 158 - 28 1328 2203152
 415: 11 156 34320 - 16 55 60
 416: 15 69 2775 - 25 37 69
 417: 38 6462 - 68 85
 418: 14 26 82 - 12 26 3444
 419: 20 37 55 - 15 37 660
 420: 14 77 90 - 14 42 3465
 421: 23 82 53935 - 35 67 82
 422: 9 15 40 - 8 15 90
 423: 44 6005 - 84 91
 424: 18 442 - 21 98
 425: 7 17565 514197809 - 9 51 82
 426: 21 5876 36679459 - 41 84 87
 427: 11 126 55441 - 16 40 88
 428: 66 79 - 36 31286
 429: 5 18 - 4 179
 430: 14 66 - 12 308
 431: 25 26 80 - 11 19067 1090632402
 432: 6 45 105 - 7 30 45
 433: 6 1720 - 7 41
 434: 74 87 - 40 128760
 435: 12 18819 1534651810 - 19 58 74
 436: 11 715 - 18 39 90
 437: 25 30 82 - 12 456 467400
 438: 5 21 67 - 4 80 22513
 439: 5 19 - 4 378
 440: 70 178 178 - 40 1917 47771640
 441: 31 87 4278 - 46 87 93
 442: 25 3602 - 36 80
 443: 37 86 88 - 20 53850 3769715402
 444: 21 89 - 17 31773
 445: 12 271 - 20 27
 446: 4 20 76 - 4 16 1520
 447: 42 88 97 - 22 35852 1606671530
 448: 48 138 138 - 29 1186 6328496
 449: 14 188 188 - 13 195 64155
 450: 64 150 150 - 35 2585 17371200
 451: 59 76 85 - 24 4876 2787657962
 452: 22 156 156 - 18 368 473616
 453: 42 98 - 30 1470
 454: 35 2380 - 68 70
 455: 21 26327 1683243070 - 54 64 74
 456: 36 3826 - 68 75
 457: 34 3367 - 51 99
 458: 42 65 81 - 20 650 737099
 459: 17 25 38 - 8 7178 231849401
 460: 8 494 365560 - 10 74 74
 461: 13 16906 1286140855 - 19 77 88
 462: 56 69 - 31 10890 217407960
 463: 20 1138 - 30 57
 464: 19 539 3195192 - 48 48 78
 465: 62 80 - 35 17359
 466: 40 2924 23508960 - 96 134 134
 467: 20 53850 3769715398 - 37 86 88
 468: 53 98 - 35 1998 12972015
 469: 29 1476 3221001 - 43 84
 470: 57 63 99 - 23 25237 2547599441
 471: 7 38 63 - 6 63 399
 472: 8 102 103225 - 11 34 69
 473: 22 27 704 - 27 32 64
 474: 20 22 54 - 15 22 540
 475: 60 74 75 - 23 28367 2414031702
 476: 21 22 81 - 11 81 462
 477: 30 1802 - 50 72
 478: 32 69 131040 - 63 65 69
 479: 19 22 37 - 8 8838 273377015
 480: 28 59 1092 - 39 59 91
 481: 62 99 - 39 1698 11290851
 482: 25 25964 1853829601 - 56 85 96
 483: 5 2112 - 6 55 64
 484: 23 13133 2182179279 - 62 67 80
 485: 42 66 73 - 19 35600 3802044399
 486: 61 76 95 - 25 12878 746280098
 487: 13 63 1170 - 20 36 63
 488: 17 2112 26389441 - 36 49 90
 489: 49 63 - 28 1766
 490: 63 81 - 36 2266
 491: 33 85 94 - 19 13431 2038960108
 492: 23 42 63 - 13 161 37674
 493: 10 78 - 9 586
 494: 45 3960 - 88 90
 495: 16 22512 - 21 67
 496: 11 117 159588 - 12 62
 497: 30 11970 - 57 63
 498: 30 31019 - 44 94
 499: 29 68 75 - 16 45508 6730633199
 500: 46 73 99 - 22 11873 1973541935
 501: 21 51 57 - 21 27 8721
 502: 17 74752 9778682879 - 30 76 81
 503: 26 1576 14280136 - 41 68
 504: 16 275 831600 - 42 42 54
 505: 30 1532 9973320 - 62 112 112
 506: 38 8742 159204933 - 71 81
 507: 24 33700 8801563799 - 57 79 87
 508: 24 881 - 33 80
 509: 42 2916 46763892 - 87 158 158
 510: 14 350 347900 - 20 71 98
 511: 35 81 85 - 19 19907 1072290554
 512: 20 55 59 - 15 55 3540
 513: 76 83 84 - 27 13548 1346007347
 514: 17 38 - 12 554 1073652
 515: 7 20 4900 - 7 25 98
 516: 65 70 96 - 25 11495 502101601
 517: 93 98 - 48 8102 98455504
 518: 46 88 - 31 1184 9286112
 519: 14 66 - 12 306
 520: 25 1598 - 40 64
 521: 48 54 75 - 19 18655 765601198
 522: 24 45 - 16 720
 523: 21 38 77 - 12 279 233242
 524: 24 - 40 60
 525: 22 7713 526592221 - 45 76 98
 526: 32 1983 - 62 64
 527: 16 338 - 24 42
 528: 19 583 1019084 - 23 92
 529: 32 70 97 - 18 3455 675632158
 530: 13 882 - 17 52
 531: 42 74 8190 - 74 78 90
 532: 9 52 52 - 7 149 244062
 533: 42 57 8190 - 57 78 90
 534: 44 2964 30745572 - 92 164 164
 535: 31 47 76 - 15 38628 2673347308
 536: 39 2962 - 76 78
 537: 21 40 - 14 842
 538: 12 180 - 18 50 75
 539: 17 46127 6383054258 - 37 60 66
 540: 13 183 - 14 91
 541: 74 84 - 40 2391 24770760
 542: 49 98 - 33 3236
 543: 86 140 140 - 39 3669 23927995
 544: 16 49557 5730375026 - 33 54 73
 545: 23 18380 954335549 - 50 84 86
 546: 20 41487 2294853407 - 39 74 92
 547: 50 77 79 - 22 5244 797481302
 548: 26 1948 368084341 - 68 76 90
 549: 23 660 652740 - 43 92 92
 550: 45 87 - 30 2612
 551: 43 3611 - 84 86
 552: 35 98 - 26 3184
 553: 75 78 - 39 1949
 554: 86 94 - 45 22737 689272155
 555: 28 90 94 - 18 525 296100
 556: 28 2912 - 39 96
 557: 40 140 140 - 26 1214 2209480
 558: 24 91 - 19 41494
 559: 54 74 87 - 23 20823 4625017351
 560: 15 1293 15416869 - 30 49 73
 561: 32 45 80 - 23 45 3680
 562: 16 26 1008 - 21 26 63
 563: 30 92 3540 - 59 60 92
 564: 15 58 93 - 13 58 2015
 565: 24 9085 1865332199 - 59 75 87
 566: 24 40 50 - 12 600 600
 567: 16 276 145729 - 36 44 64
 568: 16 15290 771472238 - 34 53 70
 569: 18 1102 3034909 - 34 68 81
 570: 28 2903 733181678 - 80 82 88
 571: 54 73 - 32 1034 32608224
 572: 12 18 441 - 12 21 98
 573: 12 21610 2568434942 - 27 31 71
 574: 14 82 - 12 3444
 575: 10 48 64 - 8 88 10559
 576: 45 66 - 27 2971
 577: 21 42 - 28 28
 578: 12 144 26930 - 18 51 66
 579: 4 317 301150 - 5 25 76
 580: 17 735 899640 - 48 48 54
 581: 18 11807 - 32 41
 582: 22 2069 380985660 - 54 60 93
 583: 15 15960 15960 - 38 42 60
 584: 19 23870 751045679 - 46 48 99
 585: 40 92 - 28 6439
 586: 10 213 166140 - 26 26 36
 587: 52 82 97 - 24 14598 3018924790
 588: 13 16944 430631761 - 23 46 85
 589: 18 88 88 - 13 736 947232
 590: 41 42 - 21 1722
 591: 27 31805 - 38 93
 592: 27 31 46 - 11 7991 3384364300
 593: 9 25 36 - 6 82 36899
 594: 48 178 178 - 32 1221 3477408
 595: 37 202575 - 73 75
 596: 3 9 125 - 4 6 28
 597: 18 58 89 - 15 58 8010
 598: 18 460 - 21 99
 599: 36 3906 - 62 84
 600: 35 124 124 - 23 819 834210
 601: 13 234 - 18 39
 602: 24 566 1120680 - 30 198 198
 603: 45 54 - 25 1352
 604: 37 67 - 24 3500 52059000
 605: 21 1722 - 41 42
 606: 23 35 - 14 1608
 607: 12 59 91 - 9 6235 1205125742
 608: 10 12 - 6 60
 609: 23 48596 8265450659 - 58 69 85
 610: 12 158 162108 - 19 54 54
 611: 16 5611 1605643759 - 35 49 73
 612: 28 35 1092 - 35 39 91
 613: 51 56 59 - 19 561 35217336
 614: 17 74752 9778682882 - 30 76 81
 615: 11 42057 5306331692 - 15 74 93
 616: 26 20358 988279111 - 70 73 95
 617: 48 74 75 - 21 16358 2542033202
 618: 21 34178 2336237189 - 49 62 90
 619: 21 40 90 - 18 40 315
 620: 11 16 1200 - 11 20 75
 621: 14 434 214828 - 27 54 55
 622: 76 91 - 42 2966
 623: 18 311 193131 - 27 92 92
 624: 20 31089 2255196061 - 54 62 65
 625: 17 32 94 - 17 24 4512
 626: 16 2356 67994159 - 37 52 60
 627: 42 2670 10690680 - 78 88
 628: 12 16 - 7 337
 629: 90 164 164 - 43 19834 1573530390
 630: 63 83 - 36 6971
 631: 51 52 - 26 2654
 632: 38 11971 - 63 95
 633: 12 289 333795 - 20 42 77
 634: 22 49 86 - 13 1762 530892364
 635: 15 221 615062 - 27 52 67
 636: 25 53 79 - 14 10248 1072709398
 637: 9 69 - 8 1657
 638: 49 55 99 - 21 933 7543307
 639: 73 83 99 - 28 7488 3493473985
 640: 37 12204 281314404 - 63 89
 641: 80 88 - 42 18480
 642: 20 40800 - 50 51 96
 643: 12 413 852432 - 32 32 43
 644: 8 8 306 - 9 12 17
 645: 22 2554 - 29 88
 646: 23 34 1035 - 34 35 63
 647: 5 104 - 7 15
 648: 10 23 - 7 1612
 649: 11 611 430144 - 26 26 64
 650: 21 1764 - 36 49
 651: 36 49 - 21 1762
 652: 26 72 98 - 16 18346 841420942
 653: 25 70 99 - 20 70 9900
 654: 27 70 89 - 16 17034 3820385522
 655: 10 990 - 11 99
 656: 16 3694 - 21 66
 657: 77 80 80 - 27 1053 3243240
 658: 16 18346 841420946 - 26 72 98
 659: 14 580 1075899 - 25 53 70
 660: 11 15 56 - 6 115 14166
 661: 6 - 8 24
 662: 10 24 30 - 6 120
 663: 40 63 93 - 28 63 26040
 664: 7 22 140 - 12 15 22
 665: 33 76 91 - 33 42 2964
 666: 28 32 2256 - 28 47 96
 667: 6 21 51 - 5 51 70
 668: 20 49 72 - 12 1038 3051722
 669: 12 165 34320 - 26 26 80
 670: 39 60 - 24 1558
 671: 50 69 76 - 21 31645 5808123301
 672: 40 64 81 - 19 2949 484107838
 673: 24 660 - 40 55
 674: 15 29 741 - 19 29 65
 675: 4 4 - 3 6
 676: 10 142 2530440 - 12 81 88
 677: 4 - 5 20
 678: 6 46 11592 - 9 24 28
 679: 34 41 96 - 16 582 2163487
 680: 15 255 177482 - 29 40 90
 681: 8 264 - 12 22
 682: 40 97 - 29 1210 13614920
 683: 9 21 - 7 63
 684: 12 21 63 - 7 504 504
 685: 34 2918 119203218 - 54 89
 686: 65 66 70 - 34 65 39270
 687: 44 56 - 25 1712 3295600
 688: 42 82 - 28 3446
 689: 25 25964 1853829599 - 56 85 96
 690: 89 91 - 45 364456
 691: 26 34426 2164677370 - 76 77 81
 692: 29 3304 - 57 58
 693: 12 550 - 23 24
 694: 29 43 52 - 13 21615 1401603062
 695: 23 12116 688100960 - 51 83 84
 696: 59 72 72 - 23 801 4347828
 697: 39 45 91 - 17 34808 2423158919
 698: 60 86 86 - 26 685 918996
 699: 39 45 67 - 16 3465 48288241
 700: 14 10744 894599158 - 26 60 61
 701: 37 99 - 27 10989
 702: 33 4710 38201240 - 56 79
 703: 7 206 63448 - 8 44
 704: 54 54 56 - 19 442 6348888
 705: 14 264 1916376 - 17 122 122
 706: 27 3264 435910463 - 71 76 99
 707: 23 8324 1957405250 - 64 71 72
 708: 7 19373 750606887 - 10 41 54
 709: 8 - 15 30 40
 710: 27 1052 921468364 - 62 91 92
 711: 49 55 75 - 30 55 2450
 712: 27 38 38 - 12 158 162108
 713: 8 85 145859 - 13 24 55
 714: 11 13 - 6 857
 715: 31 1604 49525104 - 48 83
 716: 26 15698 492838711 - 60 91 92
 717: 60 84 - 70 70
 718: 22 49 86 - 13 1762 530892363
 719: 42 6972 - 83 84
 720: 20 41 94 - 12 590 3410790
 721: 52 89 - 33 6109 932990916
 722: 62 86 93 - 26 20795 2162139331
 723: 17 1924 6476184 - 44 44 72
 724: 32 40 63 - 14 2880 2880
 725: 48 59 76 - 20 1064 1883282
 726: 51 56 63 - 19 1416 4802362
 727: 46 152 152 - 29 2414 61185244
 728: 12 18819 1534651811 - 19 58 74
 729: 4 213 90523 - 5 25 68
 730: 27 31 71 - 12 21610 2568434941
 731: 37 72 - 25 1092 6060600
 732: 22 18758 439809448 - 42 87 98
 733: 56 65 97 - 23 13741 1226246838
 734: 47 72 80 - 21 21535 1020242162
 735: 31 42 84 - 15 766 4986660
 736: 18 68 - 15 279 94860
 737: 32 55 2976 - 48 55 93
 738: 84 86 - 43 3612
 739: 6 41 18452 - 9 15 75
 740: 32 1289 41536736 - 53 76
 741: 28 36 78 - 21 36 1092
 742: 39 73 - 26 1139 6485466
 743: 14 14 420 - 12 21 70
 744: 16 25 5104 - 22 25 58
 745: 15 17038 1306303462 - 41 44 51
 746: 4 17 1428 - 6 7
 747: 7 234 188372 - 9 46 70
 748: 7 297 166319 - 9 48 70
 749: 30 35 95 - 14 998 1991010
 750: 35 3467 - 63 77
 751: 68 80 88 - 26 9261 1801079278
 752: 23 6603 5982828634 - 51 79 88
 753: 57 79 87 - 24 33700 8801563801
 754: 11 44 48 - 9 48 396
 755: 10 132 20194 - 17 27 85
 756: 25 32 60 - 21 25 3360
 757: 33 44 61 - 15 363 442861
 758: 17 76 - 14 1809 16360596
 759: 26 36 36 - 11 322 414414
 760: 31 35 94 - 14 25498 1300270512
 761: 71 78 86 - 26 14008 1667890534
 762: 17 49 85 - 11 11454 524765012
 763: 54 75 - 32 1662 5983200
 764: 15 16 - 8 240
 765: 41 2985 44548140 - 84 156 156
 766: 15 32 64 - 9 412 296639
 767: 18 128 128 - 15 222 106560
 768: 31 57 64 - 16 342 339264
 769: 65 78 - 36 2342
 770: 35 3467 - 63 77
 771: 19 23607 691189351 - 43 67 69
 772: 7 26 - 6 69 6279
 773: 11 12 23 - 6 23 132
 774: 3 5 - 2 31
 775: 10 168 38640 - 16 23
 776: 27 17255 723053518 - 70 80 97
 777: 24 1849 - 33 84
 778: 21 94 1155 - 33 55 94
 779: 26 30 - 14 2729
 780: 23 12673 - 38 58
 781: 38 72 84 - 20 475 239401
 782: 6 546 - 7 39
 783: 21 1203 849510479 - 39 80 97
 784: 16 16229 7638016561 - 37 53 60
 785: 46 70 76 - 21 640 839042
 786: 28 57 95 - 16 779 1308719
 787: 25 81 98 - 16 20097 506444398
 788: 84 88 - 43 79462
 789: 20 95 97 - 15 240 442321
 790: 30 91 - 23 1185 4960410
 791: 67 92 96 - 47 67 103776
 792: 51 57 77 - 20 7209 3585900781
 793: 9 11 - 5 493
 794: 12 13015 1185718562 - 26 32 73
 795: 16 17676 546754031 - 38 44 74
 796: 39 5712 37152752 - 79 152 152
 797: 71 80 84 - 26 36062 2150737682
 798: 10 71 78 - 9 71 585
 799: 57 68 83 - 23 1220 564195403
 800: 62 69 93 - 38 69 1767
 801: 23 14575 885396269 - 62 71 75
 802: 27 3497 24454521 - 42 148 148
 803: 61 63 - 31 119132
 804: 37 5124 28438200 - 72 75
 805: 51 83 84 - 23 12116 688100961
 806: 42 9896 122403624 - 93 152 152
 807: 8 48 - 7 337
 808: 75 96 99 - 30 1932 12751199
 809: 60 60 61 - 21 475 405650
 810: 21 703 649572 - 38 44
 811: 11 64 90 - 9 154 24641
 812: 6 8 34 - 4 24 34
 813: 9 2698 815268151 - 17 25 79
 814: 3 7 30 - 2 210 210
 815: 18 20905 961420949 - 35 73 75
 816: 33 75 83 - 18 7752 530818199
 817: 6 2391 24770761 - 8 35 74
 818: 14 16281 971910577 - 26 48 82
 819: 44 77 85 - 22 494 6466460
 820: 21 3478 30237732 - 27 184 184
 821: 10 392 - 13 39
 822: 30 968 1873080 - 43 90
 823: 22 37816 3217574359 - 44 85 91
 824: 54 88 - 34 2126 42936696
 825: 19 3814 494580448 - 35 75 91
 826: 32 3714 43676640 - 49 90
 827: 45 80 80 - 22 566 1120680
 828: 16 32 42 - 9 156 26207
 829: 16 640 639360 - 37 54 54
 830: 77 92 - 42 21250
 831: 37 60 60 - 17 651 1364930
 832: 13 20 2080 - 13 32 52
 833: 16 27 86 - 9 37152 37152
 834: 17 17618 701742556 - 33 69 71
 835: 17 3450 - 21 87
 836: 48 9122 - 95 96
 837: 62 75 - 34 19763 781132575
 838: 40 42 - 21 838
 839: 27 11533 931059090 - 65 92 92
 840: 28 83 - 21 6970
 841: 27 9450 - 42 75
 842: 66 78 93 - 26 3800 50536199
 843: 27 28 93 - 12 5859
 844: 14 312 128858 - 26 52 59
 845: 13 88 - 12 202 346632
 846: 16 640 639360 - 37 54 54
 847: 12 1330 9727620 - 23 46 53
 848: 5 4609 191181321 - 8 17 61
 849: 42 2197 62746320 - 80 85
 850: 22 56 83 - 16 83 1232
 851: 36 2265 8548110 - 68 74
 852: 16 5104 - 22 58
 853: 22 644 828828 - 36 52
 854: 57 63 99 - 23 25237 2547599441
 855: 34 1630 - 51 96
 856: 51 88 - 33 1494
 857: 4 12 - 6 6
 858: 7 392 - 8 49
 859: 36 20700 - 69 75
 860: 7 1040 1040 - 13 20 56
 861: 14 14 37 - 6 311 483294
 862: 25 80 2450 - 49 50 80
 863: 79 92 92 - 30 940 5123940
 864: 28 6299 - 50 63
 865: 16 79 93 - 12 388 3800849
 866: 33 1870 3971880 - 59 72
 867: 5 28 2520 - 9 16 16
 868: 22 6412 386903287 - 53 63 92
 869: 8 18 870 - 8 29 45
 870: 8 46 49 - 7 46 392
 871: 18 5814 - 34 38
 872: 30 94 - 23 2027 32867805
 873: 6 79 43608 - 8 23 92
 874: 17 12823 1150992481 - 32 66 80
 875: 14 6183 598922479 - 34 37 66
 876: 44 178 178 - 30 1588 5829945
 877: 14 34 - 10 1189
 878: 24 61 1768 - 34 61 78
 879: 56 56 61 - 20 475 405650
 880: 23 1329 15894840 - 40 52
 881: 17 17038 1306303459 - 41 44 85
 882: 26 39 75 - 13 1950
 883: 32 3609 117220320 - 70 116 116
 884: 47 69 84 - 21 18161 1649091445
 885: 20 2731 - 26 84
 886: 26 30 85 - 24 24 4420
 887: 43 24563 7843408034 - 79 94
 888: 14 39 280 - 16 39 80
 889: 6 49 4410 - 7 30 90
 890: 33 53 96 - 17 1309 6660190
 891: 18 94 14400 - 25 64 94
 892: 81 88 93 - 30 886 489444119
 893: 47 49 - 24 55271
 894: 9 24 - 7 101 50904
 895: 28 11086 7681201163 - 78 81 94
 896: 80 82 - 41 3282
 897: 72 87 96 - 28 11693 683619553
 898: 41 44 51 - 15 17038 1306303459
 899: 19 52 1900 - 25 52 76
 900: 3 30 - 5 6
 901: 69 72 - 36 1655
 902: 10 105 39584 - 15 39 58
 903: 39 5712 37152752 - 79 152 152
 904: 11 11565 401236112 - 19 38 83
 905: 57 65 92 - 23 3128 11589240
 906: 61 168 168 - 36 1922 7386246
 907: 25 60 - 18 902
 908: 13 30214 6390170359 - 33 34 58
 909: 27 726 614196 - 72 72 94
 910: 47 5318 98978616 - 99 176 176
 911: 39 2017 - 65 93
 912: 14 202 101808 - 18 48
 913: 33 51 79 - 16 14472 427589713
 914: 15 54 80 - 12 80 540
 915: 21 16358 2542033202 - 48 74 75
 916: 29 90 - 22 7178 103040190
 917: 39 1794 5238480 - 80 146 146
 918: 7 44 28512 - 7 81 96
 919: 23 64 81 - 14 49096 5122087487
 920: 9 27 2970 - 9 45 66
 921: 85 95 - 45 14536
 922: 24 24 43 - 10 152 98040
 923: 28 5854 - 44 76
 924: 14 61 231 - 22 33 61
 925: 7 230 57958 - 18 20 24
 926: 16 46 46 - 10 168 38640
 927: 15 57638 6644220451 - 29 53 75
 928: 10 165 - 11 66
 929: 2 21 631 - 3 5 63
 930: 30 78 82 - 22 78 13530
 931: 14 2927 - 22 38
 932: 18 595 4037672 - 29 85 91
 933: 26 7628 327290783 - 69 82 84
 934: 8 63 239399 - 12 25 57
 935: 12 136 136 - 11 141 26367
 936: 12 21 71 - 7 459 912492
 937: 16 26 98 - 9 18346 841420945
 938: 15 742 - 19 65
 939: 15 17038 1306303461 - 41 44 51
 940: 27 8228 684684791 - 67 88 92
 941: 36 57 58 - 16 15869 1259109938
 942: 21 756 - 27 84
 943: 12 160 36960 - 14 55
 944: 9 92 - 10 45
 945: 35 76 95 - 20 444 295258
 946: 38 13951 778507653 - 89 132 132
 947: 5 14887 664853421 - 7 29 44
 948: 17 835 13385883 - 30 69 82
 949: 9 13 83 - 5 12139 589409144
 950: 36 36 42 - 13 410 335790
 951: 30 2608 - 45 87
 952: 29 52150 6255079602 - 80 88 94
 953: 32 32 - 20 80
 954: 26 29 44 - 11 210 1741739
 955: 8 42 504 - 14 18 42
 956: 7 60 5041 - 12 16 72
 957: 45 99 - 31 15345
 958: 24 32 46 - 11 267 720544
 959: 2 21 630 - 3 5 63
 960: 88 190 190 - 46 6631 67105720
 961: 17 9792 9792 - 32 63 84
 962: 37 7924 121086644 - 59 98
 963: 13 176 176 - 12 202 346632
 964: 11 6142 631873607 - 29 30 43
 965: 26 18563 - 42 68
 966: 8 30 53 - 6 95 120838
 967: 41 45 48 - 15 1284 3158640
 968: 10 136 136 - 9 279 94860
 969: 39 71 76 - 19 3971 43982795
 970: 56 75 81 - 23 17273 1958758201
 971: 14 585 3079440 - 16 188 188
 972: 24 35 54 - 12 185 55946
 973: 24 57 - 17 2582
 974: 42 198 198 - 30 1733 6004845
 975: 19 70 - 15 3992
 976: 9 108 - 12 27
 977: 5 21 494 - 7 11 63
 978: 11 10151 - 13 71
 979: 16 16358 2542033199 - 28 74 75
 980: 23 16856 994419722 - 54 69 95
 981: 35 66 - 23 4087 217142310
 982: 24 2519 - 36 70
 983: 10 120 - 15 32 96
 984: 71 96 - 41 9015 279921760
 985: 10 270 - 18 27 90
 986: 15 79 1560 - 24 39 79
 987: 68 78 78 - 25 2883 21238100
 988: 64 73 80 - 24 6371 446479681
 989: 24 4078 - 34 80
 990: 8 138 85560 - 10 62 62
 991: 34 92 - 25 3555 27800100
 992: 19 96 456 - 24 76 96
 993: 24 50 2256 - 47 48 50
 994: 6 78 6914 - 7 52 57
 995: 43 98 99 - 23 12100 5277402902
 996: 20 3536 28128880 - 37 86 86
 997: 28 40 80 - 14 560
 998: 29 6676 545963281 - 80 87 94
 999: 22 15144 343995960 - 35 59
1000: 62 78 - 35 2645 22384635
1001: 23 704 1408704 - 29 96
1002: 25 29 60 - 11 4161 132735898
1003: 13 37 43 - 10 37 5590
1004: 13 30214 6390170356 - 33 34 58
1005: 8 49 520 - 13 20 49
1006: 47 60 98 - 21 1893 29063858
1007: 27 72 - 20 1078
1008: 32 61 - 21 40990
1009: 37 44 59 - 15 27185 1566704174
1010: 16 76 6320 - 20 76 79
1011: 24 748 730421 - 62 72 77
1012: 24 7429 1379743594 - 67 72 77
1013: 51 52 - 26 2652
1014: 9 22 75 - 6 310 153448
1015: 44 57 63 - 18 1699 89482933
1016: 16 23244 2386229038 - 29 59 90
1017: 71 75 90 - 26 14834 3080650951
1018: 24 6371 446479681 - 64 73 80
1019: 25 11069 490079976 - 56 88 92
1020: 32 14532 475138272 - 67 122 122
1021: 32 85 88 - 24 85 1056
1022: 28 28 52 - 12 137 37401
1023: 18 439 - 21 98
1024: 7 35 57 - 6 45 11968
1025: 4 95 120840 - 5 24 53
1026: 28 11086 7681201166 - 78 81 94
1027: 8 41 - 7 154 25256
1028: 88 170 170 - 44 2494 9327560
1029: 26 39 - 16 622
1030: 7 63 74 - 6 180 46619
1031: 48 65 87 - 21 10735 1359823922
1032: 20 4122 27370078 - 36 83 96
1033: 19 74 76 - 16 74 304
1034: 52 99 - 35 1316 2117115
1035: 37 2549 58474060 - 93 120 120
1036: 67 80 98 - 27 1688 1496260082
1037: 51 73 98 - 34 73 2499
